Name=NEWCAR
Race_Frequency=5
Lineup_Delay=45
Min_Racers=1
Min_Level=0
Cash_Prize=2000
Cash_Entry=100
XP_Prize=1000
XP_Bonus=200
Race_Time=300
Startline_Heading=0.000000
 CP0= 1429.401245,1899.598266,10.404313,
 CP1= 1373.619140,1937.814697,10.701379,
 CP2= 1694.503051,2130.569824,10.646751,
 CP3= 1312.953369,2012.649291,10.906159,
 CP4= 1305.535522,1677.700195,10.397680,
 CP5= 1117.917480,2086.385009,10.396199,
 CP6= 993.194396,2036.468872,10.764886,
 CP7= 893.957092,1975.915893,10.776114,
 CP8= 992.262695,2350.909179,10.818608,
 CP9= 1126.000488,2316.726318,10.399944,
 CP10= 1138.177978,2300.671630,10.398107,
 CP11= 1102.113159,2131.567626,10.389205,
