Name=ADDNEWCARS
Race_Frequency=5
Lineup_Delay=45
Min_Racers=1
Min_Level=0
Cash_Prize=2000
Cash_Entry=100
XP_Prize=1000
XP_Bonus=200
Race_Time=300
Startline_Heading=0.000000
 CP0= 1317.099609,-1702.063842,13.261445,
 CP1= 1343.177612,-1750.616821,13.166064,
 CP2= 1424.883789,-1665.306884,13.260894,
 CP3= 1242.521362,-1833.996459,13.197063,
 CP4= 1099.362915,-1878.169067,13.350688,
 CP5= 1042.914306,-1610.611938,13.264129,
 CP6= 972.740539,-1523.897094,13.358587,
 CP7= 980.749206,-1436.096313,13.349534,
 CP8= 870.672668,-1658.291992,13.350100,
 CP9= 883.796203,-1668.750000,13.348789,
 CP10= 987.209655,-1755.877807,13.337753,
