Name=ADDNEWCARS2
Race_Frequency=5
Lineup_Delay=45
Min_Racers=1
Min_Level=0
Cash_Prize=2000
Cash_Entry=100
XP_Prize=1000
XP_Bonus=200
Race_Time=300
Startline_Heading=0.000000
 CP0= 269.816497,-1370.206665,52.942352,
 CP1= 423.117156,-1266.387695,51.383308,
 CP2= 288.759124,-1169.274536,80.713470,
 CP3= 564.750610,-1067.648803,73.243354,
 CP4= 229.497451,-1402.853759,51.405666,
 CP5= 194.149505,-1313.474121,70.049652,
 CP6= 1458.710327,-902.088684,54.614830,
