X=1727.43225097
Y=-1943.03234863
Z=13.57177925
Ang=357.34368896
