X=1760.32250976
Y=-1936.15197753
Z=13.58434867
Ang=446.47598266
