X=1623.12292480
Y=-1047.05090332
Z=23.89843750
Ang=270.25952148
