X=1808.84362792
Y=-1090.16992187
Z=23.96093750
Ang=266.49954223
