X=2477.70410156
Y=-1687.43530273
Z=13.50781250
Ang=539.68225097
