X=-1960.07556152
Y=130.76821899
Z=27.68750000
Ang=445.72778320
