X=-1980.63073730
Y=144.33587646
Z=27.68746185
Ang=270.25952148
