X=-2037.60205078
Y=167.09106445
Z=28.83593750
Ang=446.98120117
