X=897.59191894
Y=720.29632568
Z=10.86211013
Ang=287.49322509
