X=904.13726806
Y=722.87860107
Z=10.85575485
Ang=472.50653076
