X=1456.54284667
Y=969.33966064
Z=10.82031250
Ang=180.95878601
