X=1430.86914062
Y=1088.13049316
Z=10.82031250
Ang=273.05621337
