X=1640.54809570
Y=1615.99511718
Z=10.82031250
Ang=371.46716308
